0.000 874       1.211 9.557 46.009      41.747 222.935 312.172  1.180 4.683 45.124      1.043 2.392 27.215      1.260 33.723 81.894     53.787 222.721 313.876
0.050 1755      1.220 9.649 44.699      42.268 220.755 310.968  1.190 4.794 44.018      1.067 2.390 25.316      1.276 33.950 83.907     54.392 223.128 312.276
0.100 2628      1.232 9.332 41.155      42.224 219.168 311.066  1.208 4.657 43.565      1.088 2.385 24.801      1.293 33.177 79.444     53.981 221.439 310.177
0.150 3499      1.247 9.526 45.471      43.916 217.344 305.928  1.221 4.600 43.463      1.107 2.404 25.913      1.308 32.982 82.290     54.898 219.241 308.932
0.200 4185      1.261 9.366 45.094      43.255 217.629 305.095  1.234 4.655 43.621      1.125 2.425 25.679      1.322 32.746 83.752     55.157 221.153 311.333
0.250 4621      1.278 9.126 43.146      44.029 218.144 306.757  1.252 4.552 42.838      1.135 2.385 23.001      1.326 30.679 78.316     55.919 219.964 307.604
0.300 5051      1.284 9.240 44.773      43.687 216.768 301.802  1.257 4.666 43.527      1.143 2.434 24.978      1.340 32.593 78.756     55.001 218.505 305.519
0.350 5483      1.288 9.468 45.960      44.511 218.025 306.608  1.264 4.735 43.627      1.157 2.457 26.496      1.349 33.923 83.910     55.792 220.418 304.703
0.400 5918      1.292 9.439 45.937      45.638 220.726 307.226  1.268 4.681 43.922      1.158 2.449 25.984      1.347 34.525 82.732     55.816 222.235 312.154
0.450 6350      1.305 9.298 42.978      45.170 216.738 301.119  1.281 4.694 42.425      1.171 2.460 23.461      1.363 32.901 77.112     56.453 218.296 305.920
0.500 6780      1.320 9.059 42.856      45.720 216.551 303.336  1.291 4.577 42.482      1.176 2.427 22.672      1.374 31.404 74.382     56.954 218.243 307.758
0.550 7217      1.330 9.242 42.893      44.792 215.140 303.611  1.304 4.577 42.482      1.185 2.489 26.631      1.390 32.251 76.106     55.785 216.952 305.197
0.600 7655      1.338 9.237 43.296      45.831 215.070 303.607  1.312 4.657 43.098      1.193 2.476 25.238      1.396 32.949 78.178     57.214 218.806 306.054
0.650 8694      1.333 9.022 43.656      45.152 212.055 299.698  1.308 4.485 43.119      1.197 2.424 24.656      1.391 31.191 77.844     56.604 216.332 300.092
0.700 12224     1.386 9.229 44.052      45.423 210.928 294.886  1.365 4.553 41.500      1.241 2.552 23.513      1.446 31.447 78.112     56.648 212.809 297.698
0.750 15755     1.448 8.966 40.431      45.904 207.492 289.686  1.419 4.504 40.771      1.293 2.607 24.549      1.511 30.622 72.218     56.914 209.933 291.470
0.800 23550     1.530 8.869 41.297      46.463 203.381 287.481  1.499 4.597 40.123      1.368 2.742 22.467      1.595 30.253 71.438     58.008 207.361 289.587
0.850 31696     1.626 8.481 37.661      45.768 196.630 274.532  1.595 4.598 37.171      1.454 2.935 19.351      1.697 29.207 66.767     57.503 200.888 275.656
0.900 99253     1.877 7.996 34.102      46.201 177.123 248.945  1.832 4.803 33.412      1.697 3.673 20.852      1.954 27.663 57.637     57.052 184.704 253.726
0.950 1999887   2.640 58.423 78.441     33.188 125.315 179.059  2.578 65.774 83.963     3.089 76.309 93.984     2.774 54.873 107.941    41.143 137.952 194.731