0.000 879       1.000 6.345 32.467      1.963 137.161 215.188   1.000 3.303 40.661      1.002 1.857 25.799      1.002 18.328 70.019     10.428 166.176 249.260
0.050 1754      1.010 6.165 31.922      1.978 133.475 214.174   1.009 3.286 39.994      1.012 1.870 23.288      1.012 16.389 70.558     11.107 163.807 248.919
0.100 2632      1.017 6.320 33.823      2.051 135.071 213.611   1.017 3.284 40.285      1.019 1.883 30.137      1.021 17.975 68.203     11.562 164.816 247.878
0.150 3518      1.024 6.010 31.108      1.989 133.341 206.464   1.024 3.254 39.341      1.027 1.908 27.152      1.028 16.589 66.620     10.748 162.358 243.592
0.200 4201      1.033 6.341 30.775      2.066 130.723 204.270   1.031 3.295 39.298      1.034 1.890 24.907      1.038 18.394 66.729     11.475 159.984 239.599
0.250 4638      1.034 6.073 33.278      2.027 131.699 208.680   1.033 3.225 40.146      1.038 1.903 29.998      1.040 16.591 66.347     11.001 161.341 241.614
0.300 5073      1.038 5.281 29.373      1.961 128.749 208.467   1.037 3.121 38.352      1.041 1.860 23.003      1.044 13.167 67.314     10.645 158.266 238.313
0.350 5502      1.040 6.186 30.604      2.080 129.965 210.128   1.039 3.205 38.996      1.044 1.888 24.474      1.046 16.770 66.014     11.206 158.751 238.420
0.400 5936      1.043 5.212 28.844      1.973 129.114 205.019   1.042 3.191 37.802      1.047 1.864 22.501      1.049 13.267 67.131     11.065 156.778 239.530
0.450 6368      1.048 5.747 29.942      2.034 128.700 202.418   1.046 3.210 38.519      1.051 1.882 24.896      1.055 16.851 65.412     10.583 157.355 232.873
0.500 6799      1.049 5.760 31.135      2.020 127.221 200.656   1.047 3.188 38.032      1.052 1.891 26.594      1.056 14.007 65.281     11.168 155.476 239.259
0.550 7237      1.055 6.696 33.587      2.104 130.305 206.598   1.053 3.346 39.137      1.059 1.931 27.495      1.062 20.636 67.757     11.570 158.851 235.802
0.600 7674      1.058 6.095 29.797      1.952 128.541 198.885   1.055 3.226 38.565      1.060 1.902 25.363      1.065 16.289 65.180     10.805 156.404 230.177
0.650 8898      1.060 6.278 35.216      2.011 127.607 199.824   1.058 3.213 39.824      1.063 1.925 32.173      1.068 17.201 66.472     10.566 154.855 232.526
0.700 12421     1.077 6.079 32.012      1.988 126.150 200.933   1.076 3.192 38.557      1.083 1.952 26.719      1.085 17.255 64.648     10.081 154.173 231.071
0.750 15964     1.101 6.239 30.182      2.024 124.189 194.728   1.098 3.141 37.069      1.107 1.977 25.925      1.111 18.079 62.992     10.805 150.625 225.016
0.800 23944     1.132 5.393 27.681      2.010 118.837 181.840   1.130 3.094 35.790      1.140 2.010 23.556      1.143 13.957 60.085     9.776 143.403 209.684
0.850 32466     1.173 5.711 25.957      2.096 114.403 179.645   1.170 3.154 34.498      1.184 2.103 21.799      1.187 15.511 58.729     9.569 139.506 209.686
0.900 104327    1.283 4.568 19.712      2.148 94.736 146.616    1.277 3.032 28.727      1.304 2.392 17.260      1.307 12.124 50.330     8.286 115.417 171.728
0.950 1999698   1.718 54.956 64.733     3.527 59.946 87.599     1.711 59.347 70.665     1.964 68.526 79.647     1.775 52.627 77.708     6.500 61.956 100.309