0.000 2 1.044 8.808 36.374      2.708 169.440 231.920   1.039 4.443 46.671      1.025 2.502 25.300      1.065 26.569 82.013     4.612 200.913 273.366
0.050 32        1.229 11.854 40.673     15.331 182.301 241.054  1.207 5.658 48.806      1.087 2.795 32.242      1.290 48.821 87.430     31.162 217.146 283.894
0.100 59        1.122 10.409 38.934     6.347 176.428 237.732   1.108 5.091 48.058      1.051 2.688 30.874      1.163 40.843 84.473     15.294 209.711 278.839
0.150 72        1.102 9.842 37.638      5.297 174.163 235.293   1.092 4.765 47.399      1.045 2.603 28.060      1.139 34.951 83.047     12.486 207.400 278.553
0.200 84        1.140 10.865 39.204     6.611 178.618 237.914   1.124 5.222 48.048      1.057 2.710 30.869      1.182 43.899 84.877     15.651 211.695 280.063
0.250 101       1.135 10.626 38.823     6.375 177.068 237.499   1.121 4.972 47.660      1.055 2.656 29.536      1.177 40.170 84.231     15.137 210.412 279.673
0.300 127       1.119 10.341 39.099     6.457 175.573 236.400   1.107 5.110 48.115      1.051 2.688 30.748      1.159 41.172 84.743     15.188 208.498 277.580
0.350 153       1.124 10.397 38.256     5.944 175.072 236.130   1.111 4.943 47.629      1.053 2.650 29.063      1.165 39.337 84.212     13.938 207.178 277.798
0.400 193       1.123 10.503 39.069     6.344 176.997 238.055   1.110 5.102 47.888      1.052 2.678 30.707      1.164 41.856 83.969     15.356 210.226 278.330
0.450 257       1.126 10.432 38.629     5.907 175.962 236.755   1.114 5.028 47.837      1.054 2.679 30.091      1.169 40.316 84.006     14.140 210.009 280.095
0.500 282       1.124 10.409 38.217     6.173 175.469 237.599   1.111 4.980 47.686      1.054 2.658 29.150      1.163 39.620 83.923     14.968 209.767 279.116
0.550 311       1.119 10.280 38.396     6.201 175.659 236.660   1.107 4.916 47.669      1.052 2.640 29.132      1.160 39.197 83.786     14.384 207.987 278.992
0.600 348       1.126 10.468 38.959     6.246 175.704 236.946   1.113 5.024 48.002      1.055 2.680 30.422      1.168 40.627 84.644     14.991 208.303 278.983
0.650 395       1.128 10.561 38.694     5.979 175.012 237.391   1.115 5.042 47.863      1.055 2.682 29.878      1.171 41.444 84.352     14.177 208.343 278.399
0.700 457       1.131 10.488 38.775     6.645 175.927 237.366   1.117 5.029 47.874      1.057 2.667 29.654      1.173 40.500 84.209     15.671 209.169 279.460
0.750 567       1.127 10.474 38.595     6.111 175.893 236.493   1.115 4.984 47.758      1.056 2.659 29.252      1.170 40.173 84.234     14.656 208.779 278.067
0.800 877       1.128 10.442 38.118     5.961 174.384 234.852   1.117 5.008 47.624      1.059 2.661 28.970      1.171 40.366 84.104     14.087 207.582 278.629
0.850 1719      1.142 10.343 38.317     6.230 176.087 236.645   1.129 4.971 47.569      1.078 2.675 29.351      1.183 39.594 83.678     15.679 208.732 276.234
0.900 5535      1.185 10.311 37.339     6.980 174.119 233.540   1.174 4.974 46.723      1.129 2.696 28.901      1.227 39.587 82.381     18.667 207.581 274.709
0.950 15070802  1.442 10.482 42.563     7.859 160.459 217.031   1.426 5.619 48.889      1.361 3.950 40.161      1.506 40.617 76.990     24.145 193.281 258.916