0.000 2 1.000 5.421 33.150      1.037 131.299 204.259   1.000 3.117 42.722      1.000 1.867 27.720      1.000 24.067 71.592     5.929 176.137 265.729
0.050 32        1.000 9.082 42.370      2.658 145.042 218.392   1.000 3.799 45.511      1.000 2.119 36.117      1.001 42.885 76.995     30.541 192.693 281.028
0.100 59        1.000 8.037 38.391      1.379 139.028 212.416   1.000 3.471 44.460      1.000 2.006 34.648      1.000 35.425 74.309     18.122 184.802 273.464
0.150 72        1.000 7.163 36.342      1.338 139.169 208.017   1.000 3.321 43.215      1.000 1.957 30.857      1.000 30.891 72.703     17.600 186.282 271.619
0.200 84        1.000 8.367 39.904      1.485 137.744 213.729   1.000 3.571 44.664      1.000 2.037 34.912      1.000 38.600 75.022     18.426 182.655 275.620
0.250 102       1.000 8.244 38.788      1.508 139.547 212.153   1.000 3.507 44.097      1.000 1.999 33.104      1.000 37.488 74.361     20.239 186.967 275.318
0.300 127       1.000 7.701 37.583      1.362 137.436 209.537   1.000 3.423 43.909      1.000 1.989 31.972      1.000 34.074 73.647     17.724 184.599 273.372
0.350 154       1.000 8.177 38.805      1.488 139.440 209.544   1.000 3.497 44.167      1.000 1.999 33.523      1.000 37.045 74.468     19.555 185.653 274.612
0.400 193       1.000 7.729 37.840      1.401 138.099 209.335   1.000 3.422 43.756      1.000 1.980 32.724      1.000 34.283 73.217     18.245 184.957 271.664
0.450 257       1.000 8.015 38.996      1.410 138.436 211.949   1.000 3.468 44.284      1.000 1.995 33.847      1.000 36.253 74.103     18.338 184.619 274.000
0.500 282       1.000 7.833 37.755      1.423 138.454 209.885   1.000 3.445 43.862      1.000 2.003 32.761      1.000 35.136 73.407     18.670 184.597 273.363
0.550 311       1.000 7.643 38.283      1.397 138.722 210.757   1.000 3.376 44.102      1.000 1.968 33.080      1.000 33.212 73.532     18.573 185.293 274.564
0.600 348       1.000 7.917 38.404      1.427 138.206 211.043   1.000 3.456 44.051      1.000 2.002 33.321      1.000 35.157 74.027     18.407 184.784 273.591
0.650 395       1.000 7.949 38.313      1.431 138.695 212.003   1.000 3.454 43.858      1.001 2.003 33.224      1.000 35.484 73.899     18.414 183.840 273.072
0.700 457       1.000 8.035 38.111      1.449 138.648 211.329   1.000 3.477 44.060      1.002 1.999 32.761      1.001 36.630 74.699     18.809 184.748 274.036
0.750 568       1.000 7.925 38.005      1.446 138.052 209.481   1.000 3.454 43.870      1.002 1.990 33.016      1.002 35.101 73.040     18.914 184.604 271.970
0.800 881       1.003 7.760 38.814      1.427 137.767 209.373   1.002 3.456 44.191      1.005 1.995 34.146      1.004 34.245 73.381     18.576 183.994 270.710
0.850 1731      1.008 7.960 38.867      1.446 137.466 210.310   1.008 3.448 44.119      1.012 2.008 33.296      1.010 35.344 74.057     18.473 183.985 272.530
0.900 5566      1.024 7.927 37.239      1.456 136.170 206.321   1.023 3.428 43.172      1.029 2.006 32.108      1.028 35.249 72.544     18.520 181.596 267.347
0.950 15109367  1.102 8.910 51.854      1.717 121.487 186.422   1.100 4.068 56.784      1.116 2.662 57.271      1.114 39.939 68.571     16.065 163.466 245.804