
0.000 2 1.022 3.626 5.554       1.028 5.529 9.689       1.020 3.139 4.756       1.016 2.004 2.898       1.029 3.669 5.829       1.034 6.072 11.434
0.050 32        1.135 3.906 5.913       1.172 6.094 10.527      1.123 3.362 5.076       1.057 2.127 3.058       1.144 3.969 6.194       1.179 6.833 12.604
0.100 59        1.067 3.839 5.868       1.086 5.939 10.117      1.062 3.312 5.026       1.033 2.093 3.041       1.077 3.902 6.125       1.094 6.636 11.951
0.150 72        1.052 3.748 5.697       1.067 5.742 9.996       1.048 3.227 4.885       1.028 2.052 2.967       1.061 3.789 5.985       1.075 6.391 11.770
0.200 84        1.080 3.831 5.877       1.103 5.960 10.287      1.073 3.303 5.028       1.038 2.099 3.028       1.090 3.900 6.138       1.111 6.654 12.190
0.250 101       1.071 3.764 5.749       1.092 5.825 10.172      1.066 3.245 4.908       1.036 2.065 2.974       1.082 3.815 6.018       1.100 6.493 12.059
0.300 127       1.066 3.835 5.836       1.084 5.944 10.094      1.061 3.301 4.974       1.034 2.096 3.015       1.076 3.898 6.083       1.092 6.588 11.890
0.350 153       1.069 3.780 5.764       1.088 5.838 10.157      1.063 3.258 4.932       1.035 2.067 2.994       1.079 3.831 6.032       1.097 6.497 12.003
0.400 193       1.065 3.815 5.786       1.084 5.871 10.043      1.060 3.285 4.979       1.034 2.088 3.013       1.076 3.877 6.082       1.093 6.547 11.946
0.450 257       1.072 3.804 5.766       1.092 5.872 10.131      1.066 3.282 4.957       1.037 2.081 2.997       1.082 3.862 6.047       1.099 6.552 11.998
0.500 282       1.070 3.786 5.773       1.088 5.837 10.127      1.064 3.266 4.949       1.036 2.077 3.005       1.080 3.843 6.070       1.097 6.527 12.007
0.550 311       1.065 3.765 5.729       1.083 5.805 10.076      1.060 3.251 4.925       1.035 2.075 3.003       1.075 3.820 6.023       1.091 6.448 11.897
0.600 348       1.070 3.793 5.780       1.089 5.873 10.117      1.064 3.273 4.952       1.037 2.080 2.989       1.080 3.859 6.074       1.098 6.520 12.009
0.650 395       1.074 3.798 5.788       1.094 5.881 10.114      1.068 3.279 4.954       1.039 2.088 3.005       1.084 3.857 6.043       1.103 6.541 12.005
0.700 456       1.071 3.769 5.728       1.090 5.834 10.043      1.065 3.258 4.911       1.038 2.073 2.997       1.081 3.830 6.001       1.098 6.480 11.891
0.750 566       1.071 3.801 5.763       1.090 5.859 10.129      1.066 3.283 4.936       1.039 2.088 3.000       1.081 3.861 6.060       1.099 6.526 11.906
0.800 877       1.075 3.790 5.760       1.094 5.877 10.067      1.069 3.270 4.960       1.042 2.085 3.002       1.085 3.851 6.049       1.102 6.526 11.919
0.850 1715      1.087 3.792 5.743       1.104 5.832 10.111      1.082 3.271 4.928       1.059 2.093 2.999       1.098 3.854 6.029       1.113 6.473 11.921
0.900 5508      1.127 3.770 5.686       1.144 5.775 9.892       1.123 3.265 4.885       1.101 2.122 3.025       1.138 3.827 5.966       1.152 6.426 11.677
0.950 15117447  1.341 3.858 5.624       1.368 5.532 9.118       1.331 3.456 5.024       1.296 2.869 4.836       1.358 3.917 5.835       1.377 6.074 10.659